FUEL ===========================================================================
JP-8 
13 26 0 0 42.8e6 -0.2898e6 1970 1700.0 -6700.83
liquid 810
298. 500. 700. 900. 1100. 1300. 1500.  #
1632 1632 1632 1632 1632 1632 1632  #
0.21 0.79 0 0
298. 322. 350. 370. 395 440. 510. 580. 660. 691.9  #
4.361e-05 3.576e-04 2.504e-03 7.860e-03 2.643e-02 1.498e-01 1.046e+00 4.150e+00 1.316e+01 1.911e+01  #
1.377e-03 1.053e-03 1.053e-03 1.053e-03 1.053e-03 1.053e-03 1.053e-03 1.053e-03 1.053e-03 1.053e-03  #
0.0263 0.02525 0.0242 0.0242 0.0242 0.0242 0.0242 0.0242 0.0242 0.0242  #
END ============================================================================
