FUEL ===========================================================================
Nitrogen gas, including liquid properties.
0 0 0 2 0.0 -198380 2046 1700.0 0.0
liquid 808.0
175 225 250 300 350 400 450 500 550 600 700 750 800 850 900 950 1000 1050 1100 1150 1200 1500 2000 2500 #
1039 1039 1039 1040 1041 1044 1049 1056 1065 1075 1098 1110 1122 1134 1146 1157 1167 1177 1187 1196 1204 1250 1284 1307 #
0.21 0.79 0 0
64.00 66.00 68.00 70.00 72.00 74.00 76.00 78.00 80.00 82.00 84.00 86.00 88.00 90.00 92.00 94.00 96.00 98.00 100.0 102.0 104.0 106.0 
108.0 110.0 112.0 114.0 116.0 118.0 120.0 122.0 124.0 126.0  #
14533.9 20482.8 28249.7 38218.4 50833.3 66447.9 85456.1 108373 137360 167357 204626 248460 299667 357540 424503 498637 581760 674680 
774670 891830 1017070 1153420 1303910 1468540 1642260 1833150 2040200 2263410 2529040 2767400 3051210 3360270  #
2.73E-04 2.46E-04 2.22E-04 2.03E-04 1.86E-04 1.71E-04 1.58E-04 1.46E-04 1.36E-04 1.27E-04 1.19E-04 1.11E-04 1.04E-04 9.81E-05 9.23E-05 
8.69E-05 8.18E-05 7.71E-05 7.27E-05 6.85E-05 6.45E-05 6.07E-05 5.70E-05 5.34E-05 5.00E-05 4.66E-05 4.32E-05 3.97E-05 3.63E-05 3.27E-05 
2.85E-05 2.18E-05  #
0.011936381 0.011477237 0.011018093 0.010558949 0.010099805 0.009640661 0.009181518 0.008722374 0.00826323 0.007811039 0.007394662 
0.006970675 0.006544135 0.006136291 0.005715664 0.00531129 0.004918657 0.004506579 0.004115158 0.003702138 0.003342821 0.002967447 
0.002615789 0.00225087 0.001909976 0.00157341 0.001261284 0.000955448 0.000676 0.000409333 0.000142667 1.0e-8  #
END ============================================================================
