FUEL ===========================================================================
Water  
0 2 1 0 0 -2.4e6 4176. 1700.000000 -2492.94
liquid 1000.0
298. 500. 700. 900. 1100. 1300. 1500.  #
1864. 1954. 2079. 2196. 2358. 2490. 2609.  #
0.21 0.79 0 0
298. 328. 358. 387. 416. 474. 532. 590. 618. 647.0  #
3.325E+3 1.565E+4 5.725E+4 1.621E+5 3.891E+5 1.568E+6 4.554E+6 1.068E+7 1.533E+7 2.178E+7  #
8.818E-4 5.051E-4 3.317E-4 2.437E-4 1.910E-4 1.333E-4 1.035E-4 8.405E-5 7.236E-5 5.370E-5  #
7.189E-2 6.695E-2 6.176E-2 5.619E-2 5.018E-2 3.757E-2 2.401E-2 1.053E-2 4.662E-3 3.575E-5  #
END ============================================================================
